18 31 180
0 0 0
1 1 0
2 1 1
3 1 1
4 1 0
5 1 1
6 1 0
7 1 0
8 1 0
9 1 0
10 1 0
11 1 0
0 1 0
12 1 0
13 1 1
14 1 1
15 1 1
16 1 1
17 1 0
1 2 0
10 2 0
4 2 0
5 2 1
17 2 0
1 3 0
2 3 1
3 3 1
4 3 0
5 3 1
7 3 0
10 3 0
0 3 0
11 3 0
12 3 0
13 3 1
14 3 1
15 3 1
16 3 1
17 3 0
2 4 1
3 4 1
14 4 1
1 5 0
5 5 1
16 6 1
0 7 0
6 8 0
8 8 0
9 8 0
1 8 0
12 8 0
5 8 1
6 9 0
8 9 0
9 9 0
2 9 1
3 9 1
14 9 1
16 10 1
6 11 0
8 11 0
9 11 0
6 12 0
8 12 0
9 12 0
12 13 0
1 14 0
5 14 1
0 15 0
10 16 0
0 16 0
4 16 0
17 16 0
7 17 0
11 17 0
13 17 1
15 17 1
7 18 0
11 18 0
13 18 1
15 18 1
1 19 0
2 19 1
3 19 1
4 19 0
5 19 1
6 19 0
7 19 0
8 19 0
9 19 0
10 19 0
0 19 0
11 19 0
12 19 0
14 19 1
13 19 1
15 19 1
16 19 1
17 19 0
10 20 0
4 20 0
17 20 0
12 21 0
16 21 1
12 22 0
16 23 1
1 24 0
2 24 1
3 24 1
4 24 0
5 24 1
6 24 0
7 24 0
8 24 0
9 24 0
10 24 0
11 24 0
0 24 0
12 24 0
13 24 1
14 24 1
15 24 1
16 24 1
17 24 0
6 25 0
7 25 0
8 25 0
9 25 0
2 25 1
3 25 1
11 25 0
14 25 1
13 25 0
15 25 1
16 25 0
6 26 0
8 26 0
9 26 0
2 26 1
10 26 0
3 26 1
0 26 0
4 26 0
14 26 1
17 26 0
16 26 1
7 27 0
2 27 1
1 27 0
3 27 1
11 27 0
12 27 1
5 27 1
14 27 1
13 27 1
15 27 1
7 28 0
10 28 0
11 28 0
0 28 0
4 28 0
13 28 1
15 28 1
17 28 0
1 29 0
5 29 1
2 30 1
3 30 1
4 30 0
6 30 0
7 30 0
8 30 0
9 30 0
10 30 0
11 30 0
12 30 1
13 30 1
14 30 1
15 30 1
17 30 0
